49
2
1 4 2 1 3 1 3 2 2 2
2 4 1 1 2 1 2 2 1 2
3
1 5 2 1 3 1 3 3 2 3 2 2
2 4 1 2 2 2 2 3 1 3
3 4 1 1 2 1 2 2 1 2
4
1 5 3 1 4 1 4 3 3 3 3 2
2 5 1 2 2 2 3 2 3 3 1 3
3 4 2 1 3 1 3 2 2 2
4 4 1 1 2 1 2 2 1 2
5
1 5 4 1 5 1 5 3 4 3 4 2
2 6 1 2 2 2 3 2 4 2 4 3 1 3
3 4 3 1 4 1 4 2 3 2
4 4 2 1 3 1 3 2 2 2
5 4 1 1 2 1 2 2 1 2
6
1 5 5 1 6 1 6 3 5 3 5 2
2 7 1 2 2 2 3 2 4 2 5 2 5 3 1 3
3 4 4 1 5 1 5 2 4 2
4 4 3 1 4 1 4 2 3 2
5 4 2 1 3 1 3 2 2 2
6 4 1 1 2 1 2 2 1 2
7
1 5 5 1 6 1 6 4 5 4 5 3
2 7 1 3 2 3 3 3 4 3 5 3 5 4 1 4
3 4 4 1 5 1 5 3 4 3
4 5 3 1 4 1 4 3 3 3 3 2
5 4 2 2 3 2 3 3 2 3
6 4 1 2 2 2 2 3 1 3
7 5 1 1 3 1 3 2 2 2 1 2
8
1 5 6 1 7 1 7 4 6 4 6 3
2 7 1 3 3 3 4 3 5 3 6 3 6 4 1 4
3 4 5 1 6 1 6 3 5 3
4 5 4 1 5 1 5 3 4 3 4 2
5 4 3 2 4 2 4 3 3 3
6 5 1 2 2 2 3 2 3 3 1 3
7 5 2 1 4 1 4 2 3 2 2 2
8 4 1 1 2 1 2 2 1 2
9
1 5 7 1 8 1 8 4 7 4 7 3
2 8 1 3 2 3 4 3 5 3 6 3 7 3 7 4 1 4
3 4 6 1 7 1 7 3 6 3
4 5 5 1 6 1 6 3 5 3 5 2
5 4 4 2 5 2 5 3 4 3
6 5 2 2 3 2 4 2 4 3 2 3
7 5 3 1 5 1 5 2 4 2 3 2
8 4 2 1 3 1 3 2 2 2
9 5 1 1 2 1 2 2 2 3 1 3
10
1 5 7 1 8 1 8 5 7 5 7 4
2 8 1 4 2 4 4 4 5 4 6 4 7 4 7 5 1 5
3 4 6 1 7 1 7 4 6 4
4 5 5 1 6 1 6 4 5 4 5 3
5 4 4 3 5 3 5 4 4 4
6 5 2 3 3 3 4 3 4 4 2 4
7 5 3 1 5 1 5 3 4 3 3 3
8 5 2 1 3 1 3 3 2 3 2 2
9 5 1 2 2 2 2 3 2 4 1 4
10 4 1 1 2 1 2 2 1 2
11
1 5 8 1 9 1 9 5 8 5 8 4
2 9 1 4 2 4 3 4 5 4 6 4 7 4 8 4 8 5 1 5
3 4 7 1 8 1 8 4 7 4
4 5 6 1 7 1 7 4 6 4 6 3
5 4 5 3 6 3 6 4 5 4
6 5 3 3 4 3 5 3 5 4 3 4
7 5 4 1 6 1 6 3 5 3 4 3
8 5 3 1 4 1 4 3 3 3 3 2
9 5 2 2 3 2 3 3 3 4 2 4
10 4 2 1 3 1 3 2 2 2
11 5 1 1 2 1 2 2 2 4 1 4
12
1 5 8 1 9 1 9 6 8 6 8 5
2 9 1 5 2 5 3 5 5 5 6 5 7 5 8 5 8 6 1 6
3 4 7 1 8 1 8 5 7 5
4 5 6 1 7 1 7 5 6 5 6 4
5 4 5 4 6 4 6 5 5 5
6 5 3 4 4 4 5 4 5 5 3 5
7 5 4 1 6 1 6 4 5 4 4 4
8 5 3 1 4 1 4 4 3 4 3 2
9 6 2 2 3 2 3 4 3 5 2 5 2 3
10 4 2 1 3 1 3 2 2 2
11 4 1 3 2 3 2 5 1 5
12 5 1 1 2 1 2 2 2 3 1 3
13
1 5 9 1 10 1 10 6 9 6 9 5
2 9 1 5 3 5 4 5 6 5 7 5 8 5 9 5 9 6 1 6
3 4 8 1 9 1 9 5 8 5
4 5 7 1 8 1 8 5 7 5 7 4
5 4 6 4 7 4 7 5 6 5
6 5 4 4 5 4 6 4 6 5 4 5
7 5 5 1 7 1 7 4 6 4 5 4
8 5 4 1 5 1 5 4 4 4 4 2
9 6 3 2 4 2 4 4 4 5 3 5 3 3
10 4 3 1 4 1 4 2 3 2
11 5 1 3 2 3 3 3 3 5 1 5
12 5 2 1 3 1 3 2 3 3 2 3
13 4 1 1 2 1 2 3 1 3
14
1 5 10 1 11 1 11 6 10 6 10 5
2 10 1 5 2 5 4 5 5 5 7 5 8 5 9 5 10 5 10 6 1 6
3 4 9 1 10 1 10 5 9 5
4 5 8 1 9 1 9 5 8 5 8 4
5 4 7 4 8 4 8 5 7 5
6 5 5 4 6 4 7 4 7 5 5 5
7 5 6 1 8 1 8 4 7 4 6 4
8 5 5 1 6 1 6 4 5 4 5 2
9 6 4 2 5 2 5 4 5 5 4 5 4 3
10 4 4 1 5 1 5 2 4 2
11 5 2 3 3 3 4 3 4 5 2 5
12 5 3 1 4 1 4 2 4 3 3 3
13 4 2 1 3 1 3 3 2 3
14 5 1 1 2 1 2 3 2 5 1 5
15
1 5 11 1 12 1 12 6 11 6 11 5
2 11 1 5 2 5 3 5 5 5 6 5 8 5 9 5 10 5 11 5 11 6 1 6
3 4 10 1 11 1 11 5 10 5
4 5 9 1 10 1 10 5 9 5 9 4
5 4 8 4 9 4 9 5 8 5
6 5 6 4 7 4 8 4 8 5 6 5
7 5 7 1 9 1 9 4 8 4 7 4
8 5 6 1 7 1 7 4 6 4 6 2
9 6 5 2 6 2 6 4 6 5 5 5 5 3
10 4 5 1 6 1 6 2 5 2
11 5 3 3 4 3 5 3 5 5 3 5
12 5 4 1 5 1 5 2 5 3 4 3
13 4 3 1 4 1 4 3 3 3
14 5 2 1 3 1 3 3 3 5 2 5
15 4 1 1 2 1 2 5 1 5
16
1 5 11 1 12 1 12 7 11 7 11 6
2 11 1 6 2 6 3 6 5 6 6 6 8 6 9 6 10 6 11 6 11 7 1 7
3 4 10 1 11 1 11 6 10 6
4 5 9 1 10 1 10 6 9 6 9 5
5 4 8 5 9 5 9 6 8 6
6 5 6 5 7 5 8 5 8 6 6 6
7 5 7 1 9 1 9 5 8 5 7 5
8 5 6 1 7 1 7 5 6 5 6 3
9 6 5 3 6 3 6 5 6 6 5 6 5 4
10 5 5 1 6 1 6 3 5 3 5 2
11 5 3 4 4 4 5 4 5 6 3 6
12 5 4 2 5 2 5 3 5 4 4 4
13 4 3 2 4 2 4 4 3 4
14 5 2 2 3 2 3 4 3 6 2 6
15 4 1 2 2 2 2 6 1 6
16 7 1 1 5 1 5 2 4 2 3 2 2 2 1 2
17
1 5 12 1 13 1 13 7 12 7 12 6
2 12 1 6 2 6 3 6 4 6 6 6 7 6 9 6 10 6 11 6 12 6 12 7 1 7
3 4 11 1 12 1 12 6 11 6
4 5 10 1 11 1 11 6 10 6 10 5
5 4 9 5 10 5 10 6 9 6
6 5 7 5 8 5 9 5 9 6 7 6
7 5 8 1 10 1 10 5 9 5 8 5
8 5 7 1 8 1 8 5 7 5 7 3
9 6 6 3 7 3 7 5 7 6 6 6 6 4
10 5 6 1 7 1 7 3 6 3 6 2
11 5 4 4 5 4 6 4 6 6 4 6
12 5 5 2 6 2 6 3 6 4 5 4
13 4 4 2 5 2 5 4 4 4
14 5 3 2 4 2 4 4 4 6 3 6
15 4 2 2 3 2 3 6 2 6
16 7 2 1 6 1 6 2 5 2 4 2 3 2 2 2
17 5 1 1 2 1 2 2 2 6 1 6
18
1 5 12 1 13 1 13 8 12 8 12 7
2 12 1 7 2 7 3 7 4 7 6 7 7 7 9 7 10 7 11 7 12 7 12 8 1 8
3 4 11 1 12 1 12 7 11 7
4 5 10 1 11 1 11 7 10 7 10 6
5 4 9 6 10 6 10 7 9 7
6 5 7 6 8 6 9 6 9 7 7 7
7 6 8 1 10 1 10 6 9 6 8 6 8 2
8 5 7 2 8 2 8 6 7 6 7 4
9 6 6 4 7 4 7 6 7 7 6 7 6 5
10 5 6 2 7 2 7 4 6 4 6 3
11 5 4 5 5 5 6 5 6 7 4 7
12 5 5 3 6 3 6 4 6 5 5 5
13 4 4 3 5 3 5 5 4 5
14 5 3 3 4 3 4 5 4 7 3 7
15 4 2 3 3 3 3 7 2 7
16 7 2 2 6 2 6 3 5 3 4 3 3 3 2 3
17 5 1 2 2 2 2 3 2 7 1 7
18 7 1 1 8 1 8 2 7 2 6 2 2 2 1 2
19
1 5 13 1 14 1 14 8 13 8 13 7
2 12 1 7 2 7 3 7 5 7 7 7 8 7 10 7 11 7 12 7 13 7 13 8 1 8
3 4 12 1 13 1 13 7 12 7
4 5 11 1 12 1 12 7 11 7 11 6
5 4 10 6 11 6 11 7 10 7
6 5 8 6 9 6 10 6 10 7 8 7
7 6 9 1 11 1 11 6 10 6 9 6 9 2
8 5 8 2 9 2 9 6 8 6 8 4
9 6 7 4 8 4 8 6 8 7 7 7 7 5
10 5 7 2 8 2 8 4 7 4 7 3
11 5 5 5 6 5 7 5 7 7 5 7
12 5 6 3 7 3 7 4 7 5 6 5
13 4 5 3 6 3 6 5 5 5
14 5 3 3 5 3 5 5 5 7 3 7
15 4 2 3 3 3 3 7 2 7
16 8 2 2 4 2 7 2 7 3 6 3 5 3 3 3 2 3
17 5 1 2 2 2 2 3 2 7 1 7
18 6 4 1 9 1 9 2 8 2 7 2 4 2
19 5 1 1 4 1 4 2 2 2 1 2
20
1 5 13 1 14 1 14 9 13 9 13 8
2 12 1 8 2 8 3 8 5 8 7 8 8 8 10 8 11 8 12 8 13 8 13 9 1 9
3 4 12 1 13 1 13 8 12 8
4 5 11 1 12 1 12 8 11 8 11 7
5 4 10 7 11 7 11 8 10 8
6 5 8 7 9 7 10 7 10 8 8 8
7 7 9 1 11 1 11 7 10 7 9 7 9 3 9 2
8 5 8 3 9 3 9 7 8 7 8 5
9 6 7 5 8 5 8 7 8 8 7 8 7 6
10 5 7 3 8 3 8 5 7 5 7 4
11 5 5 6 6 6 7 6 7 8 5 8
12 5 6 4 7 4 7 5 7 6 6 6
13 4 5 4 6 4 6 6 5 6
14 5 3 4 5 4 5 6 5 8 3 8
15 4 2 4 3 4 3 8 2 8
16 8 2 3 4 3 7 3 7 4 6 4 5 4 3 4 2 4
17 5 1 3 2 3 2 4 2 8 1 8
18 6 4 2 9 2 9 3 8 3 7 3 4 3
19 5 1 2 4 2 4 3 2 3 1 3
20 5 1 1 9 1 9 2 4 2 1 2
21
1 5 14 1 15 1 15 9 14 9 14 8
2 13 1 8 2 8 3 8 4 8 6 8 8 8 9 8 11 8 12 8 13 8 14 8 14 9 1 9
3 4 13 1 14 1 14 8 13 8
4 5 12 1 13 1 13 8 12 8 12 7
5 4 11 7 12 7 12 8 11 8
6 5 9 7 10 7 11 7 11 8 9 8
7 7 10 1 12 1 12 7 11 7 10 7 10 3 10 2
8 5 9 3 10 3 10 7 9 7 9 5
9 6 8 5 9 5 9 7 9 8 8 8 8 6
10 5 8 3 9 3 9 5 8 5 8 4
11 5 6 6 7 6 8 6 8 8 6 8
12 5 7 4 8 4 8 5 8 6 7 6
13 4 6 4 7 4 7 6 6 6
14 5 4 4 6 4 6 6 6 8 4 8
15 4 3 4 4 4 4 8 3 8
16 8 3 3 5 3 8 3 8 4 7 4 6 4 4 4 3 4
17 5 2 3 3 3 3 4 3 8 2 8
18 6 5 2 10 2 10 3 9 3 8 3 5 3
19 5 2 2 5 2 5 3 3 3 2 3
20 5 2 1 10 1 10 2 5 2 2 2
21 6 1 1 2 1 2 2 2 3 2 8 1 8
22
1 5 14 1 15 1 15 10 14 10 14 9
2 13 1 9 2 9 3 9 4 9 6 9 8 9 9 9 11 9 12 9 13 9 14 9 14 10 1 10
3 5 13 1 14 1 14 9 13 9 13 2
4 5 12 2 13 2 13 9 12 9 12 8
5 4 11 8 12 8 12 9 11 9
6 5 9 8 10 8 11 8 11 9 9 9
7 7 10 2 12 2 12 8 11 8 10 8 10 4 10 3
8 5 9 4 10 4 10 8 9 8 9 6
9 6 8 6 9 6 9 8 9 9 8 9 8 7
10 5 8 4 9 4 9 6 8 6 8 5
11 5 6 7 7 7 8 7 8 9 6 9
12 5 7 5 8 5 8 6 8 7 7 7
13 4 6 5 7 5 7 7 6 7
14 5 4 5 6 5 6 7 6 9 4 9
15 4 3 5 4 5 4 9 3 9
16 8 3 4 5 4 8 4 8 5 7 5 6 5 4 5 3 5
17 5 2 4 3 4 3 5 3 9 2 9
18 6 5 3 10 3 10 4 9 4 8 4 5 4
19 5 2 3 5 3 5 4 3 4 2 4
20 5 2 2 10 2 10 3 5 3 2 3
21 6 1 2 2 2 2 3 2 4 2 9 1 9
22 7 1 1 13 1 13 2 12 2 10 2 2 2 1 2
23
1 5 15 1 16 1 16 10 15 10 15 9
2 14 1 9 2 9 3 9 4 9 5 9 7 9 9 9 10 9 12 9 13 9 14 9 15 9 15 10 1 10
3 5 14 1 15 1 15 9 14 9 14 2
4 5 13 2 14 2 14 9 13 9 13 8
5 4 12 8 13 8 13 9 12 9
6 5 10 8 11 8 12 8 12 9 10 9
7 7 11 2 13 2 13 8 12 8 11 8 11 4 11 3
8 5 10 4 11 4 11 8 10 8 10 6
9 6 9 6 10 6 10 8 10 9 9 9 9 7
10 5 9 4 10 4 10 6 9 6 9 5
11 5 7 7 8 7 9 7 9 9 7 9
12 5 8 5 9 5 9 6 9 7 8 7
13 4 7 5 8 5 8 7 7 7
14 5 5 5 7 5 7 7 7 9 5 9
15 4 4 5 5 5 5 9 4 9
16 8 4 4 6 4 9 4 9 5 8 5 7 5 5 5 4 5
17 5 3 4 4 4 4 5 4 9 3 9
18 6 6 3 11 3 11 4 10 4 9 4 6 4
19 5 3 3 6 3 6 4 4 4 3 4
20 5 3 2 11 2 11 3 6 3 3 3
21 6 2 2 3 2 3 3 3 4 3 9 2 9
22 7 2 1 14 1 14 2 13 2 11 2 3 2 2 2
23 5 1 1 2 1 2 2 2 9 1 9
24
1 6 15 1 16 1 16 11 15 11 15 10 15 2
2 14 1 10 2 10 3 10 4 10 5 10 7 10 9 10 10 10 12 10 13 10 14 10 15 10 15 11 1 11
3 5 14 2 15 2 15 10 14 10 14 3
4 5 13 3 14 3 14 10 13 10 13 9
5 4 12 9 13 9 13 10 12 10
6 5 10 9 11 9 12 9 12 10 10 10
7 7 11 3 13 3 13 9 12 9 11 9 11 5 11 4
8 5 10 5 11 5 11 9 10 9 10 7
9 6 9 7 10 7 10 9 10 10 9 10 9 8
10 5 9 5 10 5 10 7 9 7 9 6
11 5 7 8 8 8 9 8 9 10 7 10
12 5 8 6 9 6 9 7 9 8 8 8
13 4 7 6 8 6 8 8 7 8
14 5 5 6 7 6 7 8 7 10 5 10
15 4 4 6 5 6 5 10 4 10
16 8 4 5 6 5 9 5 9 6 8 6 7 6 5 6 4 6
17 5 3 5 4 5 4 6 4 10 3 10
18 6 6 4 11 4 11 5 10 5 9 5 6 5
19 5 3 4 6 4 6 5 4 5 3 5
20 5 3 3 11 3 11 4 6 4 3 4
21 6 2 3 3 3 3 4 3 5 3 10 2 10
22 7 2 2 14 2 14 3 13 3 11 3 3 3 2 3
23 5 1 2 2 2 2 3 2 10 1 10
24 6 1 1 15 1 15 2 14 2 2 2 1 2
25
1 6 16 1 17 1 17 11 16 11 16 10 16 2
2 14 1 10 2 10 3 10 4 10 5 10 7 10 9 10 10 10 12 10 13 10 15 10 16 10 16 11 1 11
3 5 15 2 16 2 16 10 15 10 15 3
4 5 13 3 15 3 15 10 13 10 13 9
5 4 12 9 13 9 13 10 12 10
6 5 10 9 11 9 12 9 12 10 10 10
7 7 11 3 13 3 13 9 12 9 11 9 11 5 11 4
8 5 10 5 11 5 11 9 10 9 10 7
9 6 9 7 10 7 10 9 10 10 9 10 9 8
10 5 9 5 10 5 10 7 9 7 9 6
11 5 7 8 8 8 9 8 9 10 7 10
12 5 8 6 9 6 9 7 9 8 8 8
13 4 7 6 8 6 8 8 7 8
14 5 5 6 7 6 7 8 7 10 5 10
15 4 4 6 5 6 5 10 4 10
16 8 4 5 6 5 9 5 9 6 8 6 7 6 5 6 4 6
17 5 3 5 4 5 4 6 4 10 3 10
18 6 6 4 11 4 11 5 10 5 9 5 6 5
19 5 3 4 6 4 6 5 4 5 3 5
20 5 3 3 11 3 11 4 6 4 3 4
21 6 2 3 3 3 3 4 3 5 3 10 2 10
22 8 2 2 14 2 15 2 15 3 13 3 11 3 3 3 2 3
23 5 1 2 2 2 2 3 2 10 1 10
24 5 14 1 16 1 16 2 15 2 14 2
25 5 1 1 14 1 14 2 2 2 1 2
26
1 7 16 1 17 1 17 12 16 12 16 11 16 3 16 2
2 14 1 11 2 11 3 11 4 11 5 11 7 11 9 11 10 11 12 11 13 11 15 11 16 11 16 12 1 12
3 5 15 3 16 3 16 11 15 11 15 4
4 5 13 4 15 4 15 11 13 11 13 10
5 4 12 10 13 10 13 11 12 11
6 5 10 10 11 10 12 10 12 11 10 11
7 7 11 4 13 4 13 10 12 10 11 10 11 6 11 5
8 5 10 6 11 6 11 10 10 10 10 8
9 6 9 8 10 8 10 10 10 11 9 11 9 9
10 5 9 6 10 6 10 8 9 8 9 7
11 5 7 9 8 9 9 9 9 11 7 11
12 5 8 7 9 7 9 8 9 9 8 9
13 4 7 7 8 7 8 9 7 9
14 5 5 7 7 7 7 9 7 11 5 11
15 4 4 7 5 7 5 11 4 11
16 8 4 6 6 6 9 6 9 7 8 7 7 7 5 7 4 7
17 5 3 6 4 6 4 7 4 11 3 11
18 6 6 5 11 5 11 6 10 6 9 6 6 6
19 5 3 5 6 5 6 6 4 6 3 6
20 5 3 4 11 4 11 5 6 5 3 5
21 6 2 4 3 4 3 5 3 6 3 11 2 11
22 8 2 3 14 3 15 3 15 4 13 4 11 4 3 4 2 4
23 5 1 3 2 3 2 4 2 11 1 11
24 5 14 2 16 2 16 3 15 3 14 3
25 5 1 2 14 2 14 3 2 3 1 3
26 5 1 1 16 1 16 2 14 2 1 2
27
1 8 16 1 17 1 17 13 16 13 16 12 16 4 16 3 16 2
2 14 1 12 2 12 3 12 4 12 5 12 7 12 9 12 10 12 12 12 13 12 15 12 16 12 16 13 1 13
3 5 15 4 16 4 16 12 15 12 15 5
4 5 13 5 15 5 15 12 13 12 13 11
5 4 12 11 13 11 13 12 12 12
6 5 10 11 11 11 12 11 12 12 10 12
7 7 11 5 13 5 13 11 12 11 11 11 11 7 11 6
8 5 10 7 11 7 11 11 10 11 10 9
9 6 9 9 10 9 10 11 10 12 9 12 9 10
10 5 9 7 10 7 10 9 9 9 9 8
11 5 7 10 8 10 9 10 9 12 7 12
12 5 8 8 9 8 9 9 9 10 8 10
13 4 7 8 8 8 8 10 7 10
14 5 5 8 7 8 7 10 7 12 5 12
15 4 4 8 5 8 5 12 4 12
16 8 4 7 6 7 9 7 9 8 8 8 7 8 5 8 4 8
17 5 3 7 4 7 4 8 4 12 3 12
18 6 6 6 11 6 11 7 10 7 9 7 6 7
19 5 3 6 6 6 6 7 4 7 3 7
20 5 3 5 11 5 11 6 6 6 3 6
21 6 2 5 3 5 3 6 3 7 3 12 2 12
22 8 2 4 14 4 15 4 15 5 13 5 11 5 3 5 2 5
23 5 1 4 2 4 2 5 2 12 1 12
24 5 14 3 16 3 16 4 15 4 14 4
25 5 1 3 14 3 14 4 2 4 1 4
26 5 1 2 16 2 16 3 14 3 1 3
27 4 1 1 16 1 16 2 1 2
28
1 9 16 1 17 1 17 14 16 14 16 13 16 5 16 4 16 3 16 2
2 14 1 13 2 13 3 13 4 13 5 13 7 13 9 13 10 13 12 13 13 13 15 13 16 13 16 14 1 14
3 5 15 5 16 5 16 13 15 13 15 6
4 5 13 6 15 6 15 13 13 13 13 12
5 4 12 12 13 12 13 13 12 13
6 5 10 12 11 12 12 12 12 13 10 13
7 7 11 6 13 6 13 12 12 12 11 12 11 8 11 7
8 5 10 8 11 8 11 12 10 12 10 10
9 6 9 10 10 10 10 12 10 13 9 13 9 11
10 5 9 8 10 8 10 10 9 10 9 9
11 5 7 11 8 11 9 11 9 13 7 13
12 5 8 9 9 9 9 10 9 11 8 11
13 4 7 9 8 9 8 11 7 11
14 5 5 9 7 9 7 11 7 13 5 13
15 4 4 9 5 9 5 13 4 13
16 8 4 8 6 8 9 8 9 9 8 9 7 9 5 9 4 9
17 5 3 8 4 8 4 9 4 13 3 13
18 6 6 7 11 7 11 8 10 8 9 8 6 8
19 5 3 7 6 7 6 8 4 8 3 8
20 5 3 6 11 6 11 7 6 7 3 7
21 6 2 6 3 6 3 7 3 8 3 13 2 13
22 8 2 5 14 5 15 5 15 6 13 6 11 6 3 6 2 6
23 5 1 5 2 5 2 6 2 13 1 13
24 5 14 4 16 4 16 5 15 5 14 5
25 5 1 4 14 4 14 5 2 5 1 5
26 5 1 3 16 3 16 4 14 4 1 4
27 4 1 2 16 2 16 3 1 3
28 4 1 1 16 1 16 2 1 2
29
1 9 17 1 18 1 18 14 17 14 17 13 17 5 17 4 17 3 17 2
2 14 1 13 2 13 3 13 4 13 5 13 7 13 9 13 10 13 12 13 13 13 15 13 17 13 17 14 1 14
3 5 15 5 17 5 17 13 15 13 15 6
4 5 13 6 15 6 15 13 13 13 13 12
5 4 12 12 13 12 13 13 12 13
6 5 10 12 11 12 12 12 12 13 10 13
7 7 11 6 13 6 13 12 12 12 11 12 11 8 11 7
8 5 10 8 11 8 11 12 10 12 10 10
9 6 9 10 10 10 10 12 10 13 9 13 9 11
10 5 9 8 10 8 10 10 9 10 9 9
11 5 7 11 8 11 9 11 9 13 7 13
12 5 8 9 9 9 9 10 9 11 8 11
13 4 7 9 8 9 8 11 7 11
14 5 5 9 7 9 7 11 7 13 5 13
15 4 4 9 5 9 5 13 4 13
16 8 4 8 6 8 9 8 9 9 8 9 7 9 5 9 4 9
17 5 3 8 4 8 4 9 4 13 3 13
18 6 6 7 11 7 11 8 10 8 9 8 6 8
19 5 3 7 6 7 6 8 4 8 3 8
20 5 3 6 11 6 11 7 6 7 3 7
21 6 2 6 3 6 3 7 3 8 3 13 2 13
22 8 2 5 14 5 15 5 15 6 13 6 11 6 3 6 2 6
23 5 1 5 2 5 2 6 2 13 1 13
24 6 14 4 16 4 17 4 17 5 15 5 14 5
25 5 1 4 14 4 14 5 2 5 1 5
26 4 16 3 17 3 17 4 16 4
27 4 16 2 17 2 17 3 16 3
28 4 16 1 17 1 17 2 16 2
29 7 1 1 16 1 16 2 16 3 16 4 14 4 1 4
30
1 9 18 1 19 1 19 14 18 14 18 13 18 5 18 4 18 3 18 2
2 14 1 13 2 13 3 13 4 13 5 13 8 13 10 13 11 13 13 13 14 13 16 13 18 13 18 14 1 14
3 5 16 5 18 5 18 13 16 13 16 6
4 5 14 6 16 6 16 13 14 13 14 12
5 4 13 12 14 12 14 13 13 13
6 5 11 12 12 12 13 12 13 13 11 13
7 7 12 6 14 6 14 12 13 12 12 12 12 8 12 7
8 5 11 8 12 8 12 12 11 12 11 10
9 6 10 10 11 10 11 12 11 13 10 13 10 11
10 5 10 8 11 8 11 10 10 10 10 9
11 5 8 11 9 11 10 11 10 13 8 13
12 5 9 9 10 9 10 10 10 11 9 11
13 4 8 9 9 9 9 11 8 11
14 5 5 9 8 9 8 11 8 13 5 13
15 4 4 9 5 9 5 13 4 13
16 8 4 8 7 8 10 8 10 9 9 9 8 9 5 9 4 9
17 5 3 8 4 8 4 9 4 13 3 13
18 6 7 7 12 7 12 8 11 8 10 8 7 8
19 5 3 7 7 7 7 8 4 8 3 8
20 5 3 6 12 6 12 7 7 7 3 7
21 6 2 6 3 6 3 7 3 8 3 13 2 13
22 9 2 5 6 5 15 5 16 5 16 6 14 6 12 6 3 6 2 6
23 5 1 5 2 5 2 6 2 13 1 13
24 6 15 4 17 4 18 4 18 5 16 5 15 5
25 4 6 4 15 4 15 5 6 5
26 4 17 3 18 3 18 4 17 4
27 4 17 2 18 2 18 3 17 3
28 4 17 1 18 1 18 2 17 2
29 7 6 1 17 1 17 2 17 3 17 4 15 4 6 4
30 6 1 1 6 1 6 4 6 5 2 5 1 5
31
1 9 18 1 19 1 19 15 18 15 18 14 18 6 18 5 18 3 18 2
2 14 1 14 2 14 3 14 4 14 5 14 8 14 10 14 11 14 13 14 14 14 16 14 18 14 18 15 1 15
3 5 16 6 18 6 18 14 16 14 16 7
4 5 14 7 16 7 16 14 14 14 14 13
5 4 13 13 14 13 14 14 13 14
6 5 11 13 12 13 13 13 13 14 11 14
7 7 12 7 14 7 14 13 13 13 12 13 12 9 12 8
8 5 11 9 12 9 12 13 11 13 11 11
9 6 10 11 11 11 11 13 11 14 10 14 10 12
10 5 10 9 11 9 11 11 10 11 10 10
11 5 8 12 9 12 10 12 10 14 8 14
12 5 9 10 10 10 10 11 10 12 9 12
13 4 8 10 9 10 9 12 8 12
14 5 5 10 8 10 8 12 8 14 5 14
15 4 4 10 5 10 5 14 4 14
16 8 4 9 7 9 10 9 10 10 9 10 8 10 5 10 4 10
17 5 3 9 4 9 4 10 4 14 3 14
18 6 7 8 12 8 12 9 11 9 10 9 7 9
19 5 3 8 7 8 7 9 4 9 3 9
20 5 3 7 12 7 12 8 7 8 3 8
21 6 2 7 3 7 3 8 3 9 3 14 2 14
22 9 2 6 6 6 15 6 16 6 16 7 14 7 12 7 3 7 2 7
23 5 1 6 2 6 2 7 2 14 1 14
24 6 15 5 17 5 18 5 18 6 16 6 15 6
25 4 6 5 15 5 15 6 6 6
26 4 17 3 18 3 18 5 17 5
27 4 17 2 18 2 18 3 17 3
28 4 17 1 18 1 18 2 17 2
29 8 6 1 17 1 17 2 17 3 17 5 15 5 6 5 6 4
30 6 1 4 6 4 6 5 6 6 2 6 1 6
31 4 1 1 6 1 6 4 1 4
32
1 9 19 1 20 1 20 15 19 15 19 14 19 6 19 5 19 3 19 2
2 14 1 14 2 14 3 14 5 14 6 14 9 14 11 14 12 14 14 14 15 14 17 14 19 14 19 15 1 15
3 5 17 6 19 6 19 14 17 14 17 7
4 5 15 7 17 7 17 14 15 14 15 13
5 4 14 13 15 13 15 14 14 14
6 5 12 13 13 13 14 13 14 14 12 14
7 7 13 7 15 7 15 13 14 13 13 13 13 9 13 8
8 5 12 9 13 9 13 13 12 13 12 11
9 6 11 11 12 11 12 13 12 14 11 14 11 12
10 5 11 9 12 9 12 11 11 11 11 10
11 5 9 12 10 12 11 12 11 14 9 14
12 5 10 10 11 10 11 11 11 12 10 12
13 4 9 10 10 10 10 12 9 12
14 5 6 10 9 10 9 12 9 14 6 14
15 4 5 10 6 10 6 14 5 14
16 8 5 9 8 9 11 9 11 10 10 10 9 10 6 10 5 10
17 5 3 9 5 9 5 10 5 14 3 14
18 6 8 8 13 8 13 9 12 9 11 9 8 9
19 5 3 8 8 8 8 9 5 9 3 9
20 5 3 7 13 7 13 8 8 8 3 8
21 6 2 7 3 7 3 8 3 9 3 14 2 14
22 10 2 6 4 6 7 6 16 6 17 6 17 7 15 7 13 7 3 7 2 7
23 5 1 6 2 6 2 7 2 14 1 14
24 6 16 5 18 5 19 5 19 6 17 6 16 6
25 4 7 5 16 5 16 6 7 6
26 4 18 3 19 3 19 5 18 5
27 4 18 2 19 2 19 3 18 3
28 4 18 1 19 1 19 2 18 2
29 8 7 1 18 1 18 2 18 3 18 5 16 5 7 5 7 4
30 5 4 4 7 4 7 5 7 6 4 6
31 4 4 1 7 1 7 4 4 4
32 6 1 1 4 1 4 4 4 6 2 6 1 6
33
1 9 20 1 21 1 21 15 20 15 20 14 20 6 20 5 20 3 20 2
2 14 1 14 3 14 4 14 6 14 7 14 10 14 12 14 13 14 15 14 16 14 18 14 20 14 20 15 1 15
3 5 18 6 20 6 20 14 18 14 18 7
4 5 16 7 18 7 18 14 16 14 16 13
5 4 15 13 16 13 16 14 15 14
6 5 13 13 14 13 15 13 15 14 13 14
7 7 14 7 16 7 16 13 15 13 14 13 14 9 14 8
8 5 13 9 14 9 14 13 13 13 13 11
9 6 12 11 13 11 13 13 13 14 12 14 12 12
10 5 12 9 13 9 13 11 12 11 12 10
11 5 10 12 11 12 12 12 12 14 10 14
12 5 11 10 12 10 12 11 12 12 11 12
13 4 10 10 11 10 11 12 10 12
14 5 7 10 10 10 10 12 10 14 7 14
15 4 6 10 7 10 7 14 6 14
16 8 6 9 9 9 12 9 12 10 11 10 10 10 7 10 6 10
17 5 4 9 6 9 6 10 6 14 4 14
18 6 9 8 14 8 14 9 13 9 12 9 9 9
19 5 4 8 9 8 9 9 6 9 4 9
20 5 4 7 14 7 14 8 9 8 4 8
21 6 3 7 4 7 4 8 4 9 4 14 3 14
22 10 3 6 5 6 8 6 17 6 18 6 18 7 16 7 14 7 4 7 3 7
23 6 1 6 2 6 3 6 3 7 3 14 1 14
24 6 17 5 19 5 20 5 20 6 18 6 17 6
25 4 8 5 17 5 17 6 8 6
26 4 19 3 20 3 20 5 19 5
27 4 19 2 20 2 20 3 19 3
28 4 19 1 20 1 20 2 19 2
29 8 8 1 19 1 19 2 19 3 19 5 17 5 8 5 8 4
30 5 5 4 8 4 8 5 8 6 5 6
31 4 5 1 8 1 8 4 5 4
32 6 2 1 5 1 5 4 5 6 3 6 2 6
33 4 1 1 2 1 2 6 1 6
34
1 9 20 1 21 1 21 16 20 16 20 15 20 7 20 6 20 3 20 2
2 14 1 15 3 15 4 15 6 15 7 15 10 15 12 15 13 15 15 15 16 15 18 15 20 15 20 16 1 16
3 5 18 7 20 7 20 15 18 15 18 8
4 5 16 8 18 8 18 15 16 15 16 14
5 4 15 14 16 14 16 15 15 15
6 5 13 14 14 14 15 14 15 15 13 15
7 7 14 8 16 8 16 14 15 14 14 14 14 10 14 9
8 5 13 10 14 10 14 14 13 14 13 12
9 6 12 12 13 12 13 14 13 15 12 15 12 13
10 5 12 10 13 10 13 12 12 12 12 11
11 5 10 13 11 13 12 13 12 15 10 15
12 5 11 11 12 11 12 12 12 13 11 13
13 4 10 11 11 11 11 13 10 13
14 5 7 11 10 11 10 13 10 15 7 15
15 4 6 11 7 11 7 15 6 15
16 8 6 10 9 10 12 10 12 11 11 11 10 11 7 11 6 11
17 5 4 10 6 10 6 11 6 15 4 15
18 6 9 9 14 9 14 10 13 10 12 10 9 10
19 5 4 9 9 9 9 10 6 10 4 10
20 5 4 8 14 8 14 9 9 9 4 9
21 6 3 8 4 8 4 9 4 10 4 15 3 15
22 10 3 7 5 7 8 7 17 7 18 7 18 8 16 8 14 8 4 8 3 8
23 6 1 7 2 7 3 7 3 8 3 15 1 15
24 6 17 6 19 6 20 6 20 7 18 7 17 7
25 4 8 6 17 6 17 7 8 7
26 4 19 3 20 3 20 6 19 6
27 4 19 2 20 2 20 3 19 3
28 4 19 1 20 1 20 2 19 2
29 8 8 1 19 1 19 2 19 3 19 6 17 6 8 6 8 4
30 6 5 4 8 4 8 6 8 7 5 7 5 5
31 4 5 1 8 1 8 4 5 4
32 5 2 5 5 5 5 7 3 7 2 7
33 4 1 5 2 5 2 7 1 7
34 6 1 1 5 1 5 4 5 5 2 5 1 5
35
1 9 21 1 22 1 22 16 21 16 21 15 21 7 21 6 21 3 21 2
2 14 1 15 4 15 5 15 7 15 8 15 11 15 13 15 14 15 16 15 17 15 19 15 21 15 21 16 1 16
3 5 19 7 21 7 21 15 19 15 19 8
4 5 17 8 19 8 19 15 17 15 17 14
5 4 16 14 17 14 17 15 16 15
6 5 14 14 15 14 16 14 16 15 14 15
7 7 15 8 17 8 17 14 16 14 15 14 15 10 15 9
8 5 14 10 15 10 15 14 14 14 14 12
9 6 13 12 14 12 14 14 14 15 13 15 13 13
10 5 13 10 14 10 14 12 13 12 13 11
11 5 11 13 12 13 13 13 13 15 11 15
12 5 12 11 13 11 13 12 13 13 12 13
13 4 11 11 12 11 12 13 11 13
14 5 8 11 11 11 11 13 11 15 8 15
15 4 7 11 8 11 8 15 7 15
16 8 7 10 10 10 13 10 13 11 12 11 11 11 8 11 7 11
17 5 5 10 7 10 7 11 7 15 5 15
18 6 10 9 15 9 15 10 14 10 13 10 10 10
19 5 5 9 10 9 10 10 7 10 5 10
20 5 5 8 15 8 15 9 10 9 5 9
21 6 4 8 5 8 5 9 5 10 5 15 4 15
22 10 4 7 6 7 9 7 18 7 19 7 19 8 17 8 15 8 5 8 4 8
23 6 1 7 2 7 4 7 4 8 4 15 1 15
24 6 18 6 20 6 21 6 21 7 19 7 18 7
25 4 9 6 18 6 18 7 9 7
26 4 20 3 21 3 21 6 20 6
27 4 20 2 21 2 21 3 20 3
28 4 20 1 21 1 21 2 20 2
29 8 9 1 20 1 20 2 20 3 20 6 18 6 9 6 9 4
30 6 6 4 9 4 9 6 9 7 6 7 6 5
31 4 6 1 9 1 9 4 6 4
32 6 2 5 3 5 6 5 6 7 4 7 2 7
33 4 1 5 2 5 2 7 1 7
34 5 3 1 6 1 6 4 6 5 3 5
35 5 1 1 3 1 3 5 2 5 1 5
36
1 9 21 1 22 1 22 17 21 17 21 16 21 8 21 7 21 4 21 3
2 14 1 16 4 16 5 16 7 16 8 16 11 16 13 16 14 16 16 16 17 16 19 16 21 16 21 17 1 17
3 5 19 8 21 8 21 16 19 16 19 9
4 5 17 9 19 9 19 16 17 16 17 15
5 4 16 15 17 15 17 16 16 16
6 5 14 15 15 15 16 15 16 16 14 16
7 7 15 9 17 9 17 15 16 15 15 15 15 11 15 10
8 5 14 11 15 11 15 15 14 15 14 13
9 6 13 13 14 13 14 15 14 16 13 16 13 14
10 5 13 11 14 11 14 13 13 13 13 12
11 5 11 14 12 14 13 14 13 16 11 16
12 5 12 12 13 12 13 13 13 14 12 14
13 4 11 12 12 12 12 14 11 14
14 5 8 12 11 12 11 14 11 16 8 16
15 4 7 12 8 12 8 16 7 16
16 8 7 11 10 11 13 11 13 12 12 12 11 12 8 12 7 12
17 5 5 11 7 11 7 12 7 16 5 16
18 6 10 10 15 10 15 11 14 11 13 11 10 11
19 5 5 10 10 10 10 11 7 11 5 11
20 5 5 9 15 9 15 10 10 10 5 10
21 6 4 9 5 9 5 10 5 11 5 16 4 16
22 10 4 8 6 8 9 8 18 8 19 8 19 9 17 9 15 9 5 9 4 9
23 6 1 8 2 8 4 8 4 9 4 16 1 16
24 6 18 7 20 7 21 7 21 8 19 8 18 8
25 4 9 7 18 7 18 8 9 8
26 4 20 4 21 4 21 7 20 7
27 4 20 3 21 3 21 4 20 4
28 4 20 1 21 1 21 3 20 3
29 9 9 1 20 1 20 3 20 4 20 7 18 7 9 7 9 5 9 2
30 6 6 5 9 5 9 7 9 8 6 8 6 6
31 4 6 2 9 2 9 5 6 5
32 6 2 6 3 6 6 6 6 8 4 8 2 8
33 4 1 6 2 6 2 8 1 8
34 5 3 2 6 2 6 5 6 6 3 6
35 5 1 2 3 2 3 6 2 6 1 6
36 6 1 1 9 1 9 2 6 2 3 2 1 2
37
1 9 22 1 23 1 23 17 22 17 22 16 22 8 22 7 22 4 22 3
2 14 1 16 4 16 6 16 8 16 9 16 12 16 14 16 15 16 17 16 18 16 20 16 22 16 22 17 1 17
3 5 20 8 22 8 22 16 20 16 20 9
4 5 18 9 20 9 20 16 18 16 18 15
5 4 17 15 18 15 18 16 17 16
6 5 15 15 16 15 17 15 17 16 15 16
7 7 16 9 18 9 18 15 17 15 16 15 16 11 16 10
8 5 15 11 16 11 16 15 15 15 15 13
9 6 14 13 15 13 15 15 15 16 14 16 14 14
10 5 14 11 15 11 15 13 14 13 14 12
11 5 12 14 13 14 14 14 14 16 12 16
12 5 13 12 14 12 14 13 14 14 13 14
13 4 12 12 13 12 13 14 12 14
14 5 9 12 12 12 12 14 12 16 9 16
15 4 8 12 9 12 9 16 8 16
16 8 8 11 11 11 14 11 14 12 13 12 12 12 9 12 8 12
17 5 6 11 8 11 8 12 8 16 6 16
18 6 11 10 16 10 16 11 15 11 14 11 11 11
19 5 6 10 11 10 11 11 8 11 6 11
20 5 6 9 16 9 16 10 11 10 6 10
21 6 4 9 6 9 6 10 6 11 6 16 4 16
22 10 4 8 7 8 10 8 19 8 20 8 20 9 18 9 16 9 6 9 4 9
23 6 1 8 2 8 4 8 4 9 4 16 1 16
24 6 19 7 21 7 22 7 22 8 20 8 19 8
25 4 10 7 19 7 19 8 10 8
26 4 21 4 22 4 22 7 21 7
27 4 21 3 22 3 22 4 21 4
28 4 21 1 22 1 22 3 21 3
29 9 10 1 21 1 21 3 21 4 21 7 19 7 10 7 10 5 10 2
30 6 7 5 10 5 10 7 10 8 7 8 7 6
31 4 7 2 10 2 10 5 7 5
32 6 2 6 3 6 7 6 7 8 4 8 2 8
33 4 1 6 2 6 2 8 1 8
34 6 3 2 5 2 7 2 7 5 7 6 3 6
35 5 1 2 3 2 3 6 2 6 1 6
36 5 5 1 10 1 10 2 7 2 5 2
37 5 1 1 5 1 5 2 3 2 1 2
38
1 9 23 1 24 1 24 17 23 17 23 16 23 8 23 7 23 4 23 3
2 14 1 16 4 16 7 16 9 16 10 16 13 16 15 16 16 16 18 16 19 16 21 16 23 16 23 17 1 17
3 5 21 8 23 8 23 16 21 16 21 9
4 5 19 9 21 9 21 16 19 16 19 15
5 4 18 15 19 15 19 16 18 16
6 5 16 15 17 15 18 15 18 16 16 16
7 7 17 9 19 9 19 15 18 15 17 15 17 11 17 10
8 5 16 11 17 11 17 15 16 15 16 13
9 6 15 13 16 13 16 15 16 16 15 16 15 14
10 5 15 11 16 11 16 13 15 13 15 12
11 5 13 14 14 14 15 14 15 16 13 16
12 5 14 12 15 12 15 13 15 14 14 14
13 4 13 12 14 12 14 14 13 14
14 5 10 12 13 12 13 14 13 16 10 16
15 4 9 12 10 12 10 16 9 16
16 8 9 11 12 11 15 11 15 12 14 12 13 12 10 12 9 12
17 5 7 11 9 11 9 12 9 16 7 16
18 6 12 10 17 10 17 11 16 11 15 11 12 11
19 5 7 10 12 10 12 11 9 11 7 11
20 5 7 9 17 9 17 10 12 10 7 10
21 6 4 9 7 9 7 10 7 11 7 16 4 16
22 10 4 8 8 8 11 8 20 8 21 8 21 9 19 9 17 9 7 9 4 9
23 6 1 8 2 8 4 8 4 9 4 16 1 16
24 6 20 7 22 7 23 7 23 8 21 8 20 8
25 4 11 7 20 7 20 8 11 8
26 4 22 4 23 4 23 7 22 7
27 4 22 3 23 3 23 4 22 4
28 4 22 1 23 1 23 3 22 3
29 9 11 1 22 1 22 3 22 4 22 7 20 7 11 7 11 5 11 2
30 6 8 5 11 5 11 7 11 8 8 8 8 6
31 4 8 2 11 2 11 5 8 5
32 6 2 6 3 6 8 6 8 8 4 8 2 8
33 4 1 6 2 6 2 8 1 8
34 7 3 2 5 2 6 2 8 2 8 5 8 6 3 6
35 5 1 2 3 2 3 6 2 6 1 6
36 5 6 1 11 1 11 2 8 2 6 2
37 4 5 1 6 1 6 2 5 2
38 5 1 1 5 1 5 2 3 2 1 2
39
1 9 24 1 25 1 25 17 24 17 24 16 24 8 24 7 24 4 24 3
2 14 1 16 5 16 8 16 10 16 11 16 14 16 16 16 17 16 19 16 20 16 22 16 24 16 24 17 1 17
3 5 22 8 24 8 24 16 22 16 22 9
4 5 20 9 22 9 22 16 20 16 20 15
5 4 19 15 20 15 20 16 19 16
6 5 17 15 18 15 19 15 19 16 17 16
7 7 18 9 20 9 20 15 19 15 18 15 18 11 18 10
8 5 17 11 18 11 18 15 17 15 17 13
9 6 16 13 17 13 17 15 17 16 16 16 16 14
10 5 16 11 17 11 17 13 16 13 16 12
11 5 14 14 15 14 16 14 16 16 14 16
12 5 15 12 16 12 16 13 16 14 15 14
13 4 14 12 15 12 15 14 14 14
14 5 11 12 14 12 14 14 14 16 11 16
15 4 10 12 11 12 11 16 10 16
16 8 10 11 13 11 16 11 16 12 15 12 14 12 11 12 10 12
17 5 8 11 10 11 10 12 10 16 8 16
18 6 13 10 18 10 18 11 17 11 16 11 13 11
19 5 8 10 13 10 13 11 10 11 8 11
20 5 8 9 18 9 18 10 13 10 8 10
21 6 5 9 8 9 8 10 8 11 8 16 5 16
22 10 5 8 9 8 12 8 21 8 22 8 22 9 20 9 18 9 8 9 5 9
23 6 1 8 2 8 5 8 5 9 5 16 1 16
24 6 21 7 23 7 24 7 24 8 22 8 21 8
25 4 12 7 21 7 21 8 12 8
26 4 23 4 24 4 24 7 23 7
27 4 23 3 24 3 24 4 23 4
28 4 23 1 24 1 24 3 23 3
29 9 12 1 23 1 23 3 23 4 23 7 21 7 12 7 12 5 12 2
30 6 9 5 12 5 12 7 12 8 9 8 9 6
31 4 9 2 12 2 12 5 9 5
32 6 2 6 4 6 9 6 9 8 5 8 2 8
33 4 1 6 2 6 2 8 1 8
34 7 4 2 6 2 7 2 9 2 9 5 9 6 4 6
35 6 1 2 3 2 4 2 4 6 2 6 1 6
36 5 7 1 12 1 12 2 9 2 7 2
37 4 6 1 7 1 7 2 6 2
38 5 3 1 6 1 6 2 4 2 3 2
39 4 1 1 3 1 3 2 1 2
40
1 9 25 1 26 1 26 17 25 17 25 16 25 8 25 7 25 4 25 3
2 14 1 16 6 16 9 16 11 16 12 16 15 16 17 16 18 16 20 16 21 16 23 16 25 16 25 17 1 17
3 5 23 8 25 8 25 16 23 16 23 9
4 5 21 9 23 9 23 16 21 16 21 15
5 4 20 15 21 15 21 16 20 16
6 5 18 15 19 15 20 15 20 16 18 16
7 7 19 9 21 9 21 15 20 15 19 15 19 11 19 10
8 5 18 11 19 11 19 15 18 15 18 13
9 6 17 13 18 13 18 15 18 16 17 16 17 14
10 5 17 11 18 11 18 13 17 13 17 12
11 5 15 14 16 14 17 14 17 16 15 16
12 5 16 12 17 12 17 13 17 14 16 14
13 4 15 12 16 12 16 14 15 14
14 5 12 12 15 12 15 14 15 16 12 16
15 4 11 12 12 12 12 16 11 16
16 8 11 11 14 11 17 11 17 12 16 12 15 12 12 12 11 12
17 5 9 11 11 11 11 12 11 16 9 16
18 6 14 10 19 10 19 11 18 11 17 11 14 11
19 5 9 10 14 10 14 11 11 11 9 11
20 5 9 9 19 9 19 10 14 10 9 10
21 6 6 9 9 9 9 10 9 11 9 16 6 16
22 10 6 8 10 8 13 8 22 8 23 8 23 9 21 9 19 9 9 9 6 9
23 6 1 8 3 8 6 8 6 9 6 16 1 16
24 6 22 7 24 7 25 7 25 8 23 8 22 8
25 4 13 7 22 7 22 8 13 8
26 4 24 4 25 4 25 7 24 7
27 4 24 3 25 3 25 4 24 4
28 4 24 1 25 1 25 3 24 3
29 9 13 1 24 1 24 3 24 4 24 7 22 7 13 7 13 5 13 2
30 6 10 5 13 5 13 7 13 8 10 8 10 6
31 4 10 2 13 2 13 5 10 5
32 6 3 6 5 6 10 6 10 8 6 8 3 8
33 5 1 6 2 6 3 6 3 8 1 8
34 7 5 2 7 2 8 2 10 2 10 5 10 6 5 6
35 6 2 2 4 2 5 2 5 6 3 6 2 6
36 5 8 1 13 1 13 2 10 2 8 2
37 4 7 1 8 1 8 2 7 2
38 5 4 1 7 1 7 2 5 2 4 2
39 4 2 1 4 1 4 2 2 2
40 5 1 1 2 1 2 2 2 6 1 6
41
1 9 25 1 26 1 26 18 25 18 25 17 25 9 25 8 25 5 25 4
2 14 1 17 6 17 9 17 11 17 12 17 15 17 17 17 18 17 20 17 21 17 23 17 25 17 25 18 1 18
3 5 23 9 25 9 25 17 23 17 23 10
4 5 21 10 23 10 23 17 21 17 21 16
5 4 20 16 21 16 21 17 20 17
6 5 18 16 19 16 20 16 20 17 18 17
7 7 19 10 21 10 21 16 20 16 19 16 19 12 19 11
8 5 18 12 19 12 19 16 18 16 18 14
9 6 17 14 18 14 18 16 18 17 17 17 17 15
10 5 17 12 18 12 18 14 17 14 17 13
11 5 15 15 16 15 17 15 17 17 15 17
12 5 16 13 17 13 17 14 17 15 16 15
13 4 15 13 16 13 16 15 15 15
14 5 12 13 15 13 15 15 15 17 12 17
15 4 11 13 12 13 12 17 11 17
16 8 11 12 14 12 17 12 17 13 16 13 15 13 12 13 11 13
17 5 9 12 11 12 11 13 11 17 9 17
18 6 14 11 19 11 19 12 18 12 17 12 14 12
19 5 9 11 14 11 14 12 11 12 9 12
20 5 9 10 19 10 19 11 14 11 9 11
21 6 6 10 9 10 9 11 9 12 9 17 6 17
22 10 6 9 10 9 13 9 22 9 23 9 23 10 21 10 19 10 9 10 6 10
23 6 1 9 3 9 6 9 6 10 6 17 1 17
24 6 22 8 24 8 25 8 25 9 23 9 22 9
25 4 13 8 22 8 22 9 13 9
26 4 24 5 25 5 25 8 24 8
27 4 24 4 25 4 25 5 24 5
28 4 24 1 25 1 25 4 24 4
29 9 13 1 24 1 24 4 24 5 24 8 22 8 13 8 13 6 13 3
30 6 10 6 13 6 13 8 13 9 10 9 10 7
31 4 10 3 13 3 13 6 10 6
32 6 3 7 5 7 10 7 10 9 6 9 3 9
33 5 1 7 2 7 3 7 3 9 1 9
34 7 5 3 7 3 8 3 10 3 10 6 10 7 5 7
35 6 2 3 4 3 5 3 5 7 3 7 2 7
36 5 8 1 13 1 13 3 10 3 8 3
37 5 7 1 8 1 8 3 7 3 7 2
38 5 4 2 7 2 7 3 5 3 4 3
39 4 2 2 4 2 4 3 2 3
40 5 1 2 2 2 2 3 2 7 1 7
41 6 1 1 7 1 7 2 4 2 2 2 1 2
42
1 9 26 1 27 1 27 18 26 18 26 17 26 9 26 8 26 5 26 4
2 14 1 17 7 17 10 17 12 17 13 17 16 17 18 17 19 17 21 17 22 17 24 17 26 17 26 18 1 18
3 5 24 9 26 9 26 17 24 17 24 10
4 5 22 10 24 10 24 17 22 17 22 16
5 4 21 16 22 16 22 17 21 17
6 5 19 16 20 16 21 16 21 17 19 17
7 7 20 10 22 10 22 16 21 16 20 16 20 12 20 11
8 5 19 12 20 12 20 16 19 16 19 14
9 6 18 14 19 14 19 16 19 17 18 17 18 15
10 5 18 12 19 12 19 14 18 14 18 13
11 5 16 15 17 15 18 15 18 17 16 17
12 5 17 13 18 13 18 14 18 15 17 15
13 4 16 13 17 13 17 15 16 15
14 5 13 13 16 13 16 15 16 17 13 17
15 4 12 13 13 13 13 17 12 17
16 8 12 12 15 12 18 12 18 13 17 13 16 13 13 13 12 13
17 5 10 12 12 12 12 13 12 17 10 17
18 6 15 11 20 11 20 12 19 12 18 12 15 12
19 5 10 11 15 11 15 12 12 12 10 12
20 5 10 10 20 10 20 11 15 11 10 11
21 6 7 10 10 10 10 11 10 12 10 17 7 17
22 10 7 9 11 9 14 9 23 9 24 9 24 10 22 10 20 10 10 10 7 10
23 7 1 9 2 9 4 9 7 9 7 10 7 17 1 17
24 6 23 8 25 8 26 8 26 9 24 9 23 9
25 4 14 8 23 8 23 9 14 9
26 4 25 5 26 5 26 8 25 8
27 4 25 4 26 4 26 5 25 5
28 4 25 1 26 1 26 4 25 4
29 9 14 1 25 1 25 4 25 5 25 8 23 8 14 8 14 6 14 3
30 6 11 6 14 6 14 8 14 9 11 9 11 7
31 4 11 3 14 3 14 6 11 6
32 6 4 7 6 7 11 7 11 9 7 9 4 9
33 5 2 7 3 7 4 7 4 9 2 9
34 7 6 3 8 3 9 3 11 3 11 6 11 7 6 7
35 6 3 3 5 3 6 3 6 7 4 7 3 7
36 5 9 1 14 1 14 3 11 3 9 3
37 5 8 1 9 1 9 3 8 3 8 2
38 5 5 2 8 2 8 3 6 3 5 3
39 4 3 2 5 2 5 3 3 3
40 5 2 2 3 2 3 3 3 7 2 7
41 6 2 1 8 1 8 2 5 2 3 2 2 2
42 6 1 1 2 1 2 2 2 7 2 9 1 9
43
1 9 26 1 27 1 27 19 26 19 26 18 26 10 26 9 26 6 26 5
2 14 1 18 7 18 10 18 12 18 13 18 16 18 18 18 19 18 21 18 22 18 24 18 26 18 26 19 1 19
3 5 24 10 26 10 26 18 24 18 24 11
4 5 22 11 24 11 24 18 22 18 22 17
5 4 21 17 22 17 22 18 21 18
6 5 19 17 20 17 21 17 21 18 19 18
7 7 20 11 22 11 22 17 21 17 20 17 20 13 20 12
8 5 19 13 20 13 20 17 19 17 19 15
9 6 18 15 19 15 19 17 19 18 18 18 18 16
10 5 18 13 19 13 19 15 18 15 18 14
11 5 16 16 17 16 18 16 18 18 16 18
12 5 17 14 18 14 18 15 18 16 17 16
13 4 16 14 17 14 17 16 16 16
14 5 13 14 16 14 16 16 16 18 13 18
15 4 12 14 13 14 13 18 12 18
16 8 12 13 15 13 18 13 18 14 17 14 16 14 13 14 12 14
17 5 10 13 12 13 12 14 12 18 10 18
18 6 15 12 20 12 20 13 19 13 18 13 15 13
19 5 10 12 15 12 15 13 12 13 10 13
20 5 10 11 20 11 20 12 15 12 10 12
21 6 7 11 10 11 10 12 10 13 10 18 7 18
22 10 7 10 11 10 14 10 23 10 24 10 24 11 22 11 20 11 10 11 7 11
23 7 1 10 2 10 4 10 7 10 7 11 7 18 1 18
24 6 23 9 25 9 26 9 26 10 24 10 23 10
25 4 14 9 23 9 23 10 14 10
26 4 25 6 26 6 26 9 25 9
27 4 25 5 26 5 26 6 25 6
28 4 25 1 26 1 26 5 25 5
29 9 14 1 25 1 25 5 25 6 25 9 23 9 14 9 14 7 14 4
30 6 11 7 14 7 14 9 14 10 11 10 11 8
31 4 11 4 14 4 14 7 11 7
32 6 4 8 6 8 11 8 11 10 7 10 4 10
33 5 2 8 3 8 4 8 4 10 2 10
34 7 6 4 8 4 9 4 11 4 11 7 11 8 6 8
35 6 3 4 5 4 6 4 6 8 4 8 3 8
36 6 9 1 14 1 14 4 11 4 9 4 9 2
37 5 8 2 9 2 9 4 8 4 8 3
38 5 5 3 8 3 8 4 6 4 5 4
39 4 3 3 5 3 5 4 3 4
40 5 2 3 3 3 3 4 3 8 2 8
41 6 2 2 8 2 8 3 5 3 3 3 2 3
42 6 1 2 2 2 2 3 2 8 2 10 1 10
43 6 1 1 9 1 9 2 8 2 2 2 1 2
44
1 9 26 1 27 1 27 20 26 20 26 19 26 11 26 10 26 7 26 6
2 14 1 19 7 19 10 19 12 19 13 19 16 19 18 19 19 19 21 19 22 19 24 19 26 19 26 20 1 20
3 5 24 11 26 11 26 19 24 19 24 12
4 5 22 12 24 12 24 19 22 19 22 18
5 4 21 18 22 18 22 19 21 19
6 5 19 18 20 18 21 18 21 19 19 19
7 7 20 12 22 12 22 18 21 18 20 18 20 14 20 13
8 5 19 14 20 14 20 18 19 18 19 16
9 6 18 16 19 16 19 18 19 19 18 19 18 17
10 5 18 14 19 14 19 16 18 16 18 15
11 5 16 17 17 17 18 17 18 19 16 19
12 5 17 15 18 15 18 16 18 17 17 17
13 4 16 15 17 15 17 17 16 17
14 5 13 15 16 15 16 17 16 19 13 19
15 4 12 15 13 15 13 19 12 19
16 8 12 14 15 14 18 14 18 15 17 15 16 15 13 15 12 15
17 5 10 14 12 14 12 15 12 19 10 19
18 6 15 13 20 13 20 14 19 14 18 14 15 14
19 5 10 13 15 13 15 14 12 14 10 14
20 5 10 12 20 12 20 13 15 13 10 13
21 6 7 12 10 12 10 13 10 14 10 19 7 19
22 10 7 11 11 11 14 11 23 11 24 11 24 12 22 12 20 12 10 12 7 12
23 7 1 11 2 11 4 11 7 11 7 12 7 19 1 19
24 6 23 10 25 10 26 10 26 11 24 11 23 11
25 4 14 10 23 10 23 11 14 11
26 4 25 7 26 7 26 10 25 10
27 4 25 6 26 6 26 7 25 7
28 5 25 1 26 1 26 6 25 6 25 2
29 9 14 2 25 2 25 6 25 7 25 10 23 10 14 10 14 8 14 5
30 6 11 8 14 8 14 10 14 11 11 11 11 9
31 4 11 5 14 5 14 8 11 8
32 6 4 9 6 9 11 9 11 11 7 11 4 11
33 5 2 9 3 9 4 9 4 11 2 11
34 7 6 5 8 5 9 5 11 5 11 8 11 9 6 9
35 6 3 5 5 5 6 5 6 9 4 9 3 9
36 6 9 2 14 2 14 5 11 5 9 5 9 3
37 5 8 3 9 3 9 5 8 5 8 4
38 5 5 4 8 4 8 5 6 5 5 5
39 4 3 4 5 4 5 5 3 5
40 5 2 4 3 4 3 5 3 9 2 9
41 6 2 3 8 3 8 4 5 4 3 4 2 4
42 6 1 3 2 3 2 4 2 9 2 11 1 11
43 6 1 2 9 2 9 3 8 3 2 3 1 3
44 6 1 1 25 1 25 2 14 2 9 2 1 2
45
1 9 27 1 28 1 28 20 27 20 27 19 27 11 27 10 27 7 27 6
2 14 1 19 8 19 11 19 13 19 14 19 17 19 19 19 20 19 22 19 23 19 25 19 27 19 27 20 1 20
3 5 25 11 27 11 27 19 25 19 25 12
4 5 23 12 25 12 25 19 23 19 23 18
5 4 22 18 23 18 23 19 22 19
6 5 20 18 21 18 22 18 22 19 20 19
7 7 21 12 23 12 23 18 22 18 21 18 21 14 21 13
8 5 20 14 21 14 21 18 20 18 20 16
9 6 19 16 20 16 20 18 20 19 19 19 19 17
10 5 19 14 20 14 20 16 19 16 19 15
11 5 17 17 18 17 19 17 19 19 17 19
12 5 18 15 19 15 19 16 19 17 18 17
13 4 17 15 18 15 18 17 17 17
14 5 14 15 17 15 17 17 17 19 14 19
15 4 13 15 14 15 14 19 13 19
16 8 13 14 16 14 19 14 19 15 18 15 17 15 14 15 13 15
17 5 11 14 13 14 13 15 13 19 11 19
18 6 16 13 21 13 21 14 20 14 19 14 16 14
19 5 11 13 16 13 16 14 13 14 11 14
20 5 11 12 21 12 21 13 16 13 11 13
21 6 8 12 11 12 11 13 11 14 11 19 8 19
22 10 8 11 12 11 15 11 24 11 25 11 25 12 23 12 21 12 11 12 8 12
23 7 1 11 2 11 4 11 8 11 8 12 8 19 1 19
24 6 24 10 26 10 27 10 27 11 25 11 24 11
25 4 15 10 24 10 24 11 15 11
26 4 26 7 27 7 27 10 26 10
27 4 26 6 27 6 27 7 26 7
28 5 26 1 27 1 27 6 26 6 26 2
29 9 15 2 26 2 26 6 26 7 26 10 24 10 15 10 15 8 15 5
30 6 12 8 15 8 15 10 15 11 12 11 12 9
31 4 12 5 15 5 15 8 12 8
32 6 4 9 7 9 12 9 12 11 8 11 4 11
33 5 2 9 3 9 4 9 4 11 2 11
34 7 7 5 9 5 10 5 12 5 12 8 12 9 7 9
35 6 3 5 6 5 7 5 7 9 4 9 3 9
36 6 10 2 15 2 15 5 12 5 10 5 10 3
37 5 9 3 10 3 10 5 9 5 9 4
38 5 6 4 9 4 9 5 7 5 6 5
39 4 3 4 6 4 6 5 3 5
40 5 2 4 3 4 3 5 3 9 2 9
41 7 2 3 5 3 9 3 9 4 6 4 3 4 2 4
42 6 1 3 2 3 2 4 2 9 2 11 1 11
43 5 5 2 10 2 10 3 9 3 5 3
44 6 5 1 26 1 26 2 15 2 10 2 5 2
45 6 1 1 5 1 5 2 5 3 2 3 1 3
46
1 9 28 1 29 1 29 20 28 20 28 19 28 11 28 10 28 7 28 6
2 14 1 19 9 19 12 19 14 19 15 19 18 19 20 19 21 19 23 19 24 19 26 19 28 19 28 20 1 20
3 5 26 11 28 11 28 19 26 19 26 12
4 5 24 12 26 12 26 19 24 19 24 18
5 4 23 18 24 18 24 19 23 19
6 5 21 18 22 18 23 18 23 19 21 19
7 7 22 12 24 12 24 18 23 18 22 18 22 14 22 13
8 5 21 14 22 14 22 18 21 18 21 16
9 6 20 16 21 16 21 18 21 19 20 19 20 17
10 5 20 14 21 14 21 16 20 16 20 15
11 5 18 17 19 17 20 17 20 19 18 19
12 5 19 15 20 15 20 16 20 17 19 17
13 4 18 15 19 15 19 17 18 17
14 5 15 15 18 15 18 17 18 19 15 19
15 4 14 15 15 15 15 19 14 19
16 8 14 14 17 14 20 14 20 15 19 15 18 15 15 15 14 15
17 5 12 14 14 14 14 15 14 19 12 19
18 6 17 13 22 13 22 14 21 14 20 14 17 14
19 5 12 13 17 13 17 14 14 14 12 14
20 5 12 12 22 12 22 13 17 13 12 13
21 6 9 12 12 12 12 13 12 14 12 19 9 19
22 10 9 11 13 11 16 11 25 11 26 11 26 12 24 12 22 12 12 12 9 12
23 8 1 11 2 11 3 11 5 11 9 11 9 12 9 19 1 19
24 6 25 10 27 10 28 10 28 11 26 11 25 11
25 4 16 10 25 10 25 11 16 11
26 4 27 7 28 7 28 10 27 10
27 4 27 6 28 6 28 7 27 7
28 5 27 1 28 1 28 6 27 6 27 2
29 9 16 2 27 2 27 6 27 7 27 10 25 10 16 10 16 8 16 5
30 6 13 8 16 8 16 10 16 11 13 11 13 9
31 4 13 5 16 5 16 8 13 8
32 6 5 9 8 9 13 9 13 11 9 11 5 11
33 5 3 9 4 9 5 9 5 11 3 11
34 7 8 5 10 5 11 5 13 5 13 8 13 9 8 9
35 6 4 5 7 5 8 5 8 9 5 9 4 9
36 6 11 2 16 2 16 5 13 5 11 5 11 3
37 5 10 3 11 3 11 5 10 5 10 4
38 5 7 4 10 4 10 5 8 5 7 5
39 4 4 4 7 4 7 5 4 5
40 5 3 4 4 4 4 5 4 9 3 9
41 7 3 3 6 3 10 3 10 4 7 4 4 4 3 4
42 6 2 3 3 3 3 4 3 9 3 11 2 11
43 5 6 2 11 2 11 3 10 3 6 3
44 6 6 1 27 1 27 2 16 2 11 2 6 2
45 6 2 1 6 1 6 2 6 3 3 3 2 3
46 5 1 1 2 1 2 3 2 11 1 11
47
1 9 28 1 29 1 29 21 28 21 28 20 28 12 28 11 28 8 28 7
2 14 1 20 9 20 12 20 14 20 15 20 18 20 20 20 21 20 23 20 24 20 26 20 28 20 28 21 1 21
3 5 26 12 28 12 28 20 26 20 26 13
4 5 24 13 26 13 26 20 24 20 24 19
5 4 23 19 24 19 24 20 23 20
6 5 21 19 22 19 23 19 23 20 21 20
7 7 22 13 24 13 24 19 23 19 22 19 22 15 22 14
8 5 21 15 22 15 22 19 21 19 21 17
9 6 20 17 21 17 21 19 21 20 20 20 20 18
10 5 20 15 21 15 21 17 20 17 20 16
11 5 18 18 19 18 20 18 20 20 18 20
12 5 19 16 20 16 20 17 20 18 19 18
13 4 18 16 19 16 19 18 18 18
14 5 15 16 18 16 18 18 18 20 15 20
15 4 14 16 15 16 15 20 14 20
16 8 14 15 17 15 20 15 20 16 19 16 18 16 15 16 14 16
17 5 12 15 14 15 14 16 14 20 12 20
18 6 17 14 22 14 22 15 21 15 20 15 17 15
19 5 12 14 17 14 17 15 14 15 12 15
20 5 12 13 22 13 22 14 17 14 12 14
21 6 9 13 12 13 12 14 12 15 12 20 9 20
22 10 9 12 13 12 16 12 25 12 26 12 26 13 24 13 22 13 12 13 9 13
23 8 1 12 2 12 3 12 5 12 9 12 9 13 9 20 1 20
24 6 25 11 27 11 28 11 28 12 26 12 25 12
25 4 16 11 25 11 25 12 16 12
26 4 27 8 28 8 28 11 27 11
27 4 27 7 28 7 28 8 27 8
28 5 27 1 28 1 28 7 27 7 27 3
29 9 16 3 27 3 27 7 27 8 27 11 25 11 16 11 16 9 16 6
30 6 13 9 16 9 16 11 16 12 13 12 13 10
31 4 13 6 16 6 16 9 13 9
32 6 5 10 8 10 13 10 13 12 9 12 5 12
33 5 3 10 4 10 5 10 5 12 3 12
34 7 8 6 10 6 11 6 13 6 13 9 13 10 8 10
35 6 4 6 7 6 8 6 8 10 5 10 4 10
36 6 11 3 16 3 16 6 13 6 11 6 11 4
37 5 10 4 11 4 11 6 10 6 10 5
38 5 7 5 10 5 10 6 8 6 7 6
39 4 4 5 7 5 7 6 4 6
40 5 3 5 4 5 4 6 4 10 3 10
41 7 3 4 6 4 10 4 10 5 7 5 4 5 3 5
42 6 2 4 3 4 3 5 3 10 3 12 2 12
43 5 6 3 11 3 11 4 10 4 6 4
44 7 6 1 27 1 27 3 16 3 11 3 6 3 6 2
45 6 2 2 6 2 6 3 6 4 3 4 2 4
46 5 1 2 2 2 2 4 2 12 1 12
47 5 1 1 6 1 6 2 2 2 1 2
48
1 9 29 1 30 1 30 21 29 21 29 20 29 12 29 11 29 8 29 7
2 14 1 20 10 20 13 20 15 20 16 20 19 20 21 20 22 20 24 20 25 20 27 20 29 20 29 21 1 21
3 5 27 12 29 12 29 20 27 20 27 13
4 5 25 13 27 13 27 20 25 20 25 19
5 4 24 19 25 19 25 20 24 20
6 5 22 19 23 19 24 19 24 20 22 20
7 7 23 13 25 13 25 19 24 19 23 19 23 15 23 14
8 5 22 15 23 15 23 19 22 19 22 17
9 6 21 17 22 17 22 19 22 20 21 20 21 18
10 5 21 15 22 15 22 17 21 17 21 16
11 5 19 18 20 18 21 18 21 20 19 20
12 5 20 16 21 16 21 17 21 18 20 18
13 4 19 16 20 16 20 18 19 18
14 5 16 16 19 16 19 18 19 20 16 20
15 4 15 16 16 16 16 20 15 20
16 8 15 15 18 15 21 15 21 16 20 16 19 16 16 16 15 16
17 5 13 15 15 15 15 16 15 20 13 20
18 6 18 14 23 14 23 15 22 15 21 15 18 15
19 5 13 14 18 14 18 15 15 15 13 15
20 5 13 13 23 13 23 14 18 14 13 14
21 6 10 13 13 13 13 14 13 15 13 20 10 20
22 10 10 12 14 12 17 12 26 12 27 12 27 13 25 13 23 13 13 13 10 13
23 9 1 12 2 12 3 12 4 12 6 12 10 12 10 13 10 20 1 20
24 6 26 11 28 11 29 11 29 12 27 12 26 12
25 4 17 11 26 11 26 12 17 12
26 4 28 8 29 8 29 11 28 11
27 4 28 7 29 7 29 8 28 8
28 5 28 1 29 1 29 7 28 7 28 3
29 9 17 3 28 3 28 7 28 8 28 11 26 11 17 11 17 9 17 6
30 6 14 9 17 9 17 11 17 12 14 12 14 10
31 4 14 6 17 6 17 9 14 9
32 6 6 10 9 10 14 10 14 12 10 12 6 12
33 5 4 10 5 10 6 10 6 12 4 12
34 7 9 6 11 6 12 6 14 6 14 9 14 10 9 10
35 6 5 6 8 6 9 6 9 10 6 10 5 10
36 6 12 3 17 3 17 6 14 6 12 6 12 4
37 5 11 4 12 4 12 6 11 6 11 5
38 5 8 5 11 5 11 6 9 6 8 6
39 4 5 5 8 5 8 6 5 6
40 5 4 5 5 5 5 6 5 10 4 10
41 7 4 4 7 4 11 4 11 5 8 5 5 5 4 5
42 6 3 4 4 4 4 5 4 10 4 12 3 12
43 5 7 3 12 3 12 4 11 4 7 4
44 7 7 1 28 1 28 3 17 3 12 3 7 3 7 2
45 6 3 2 7 2 7 3 7 4 4 4 3 4
46 5 2 2 3 2 3 4 3 12 2 12
47 5 2 1 7 1 7 2 3 2 2 2
48 5 1 1 2 1 2 2 2 12 1 12
49
1 9 30 1 31 1 31 21 30 21 30 20 30 12 30 11 30 8 30 7
2 14 1 20 11 20 14 20 16 20 17 20 20 20 22 20 23 20 25 20 26 20 28 20 30 20 30 21 1 21
3 5 28 12 30 12 30 20 28 20 28 13
4 5 26 13 28 13 28 20 26 20 26 19
5 4 25 19 26 19 26 20 25 20
6 5 23 19 24 19 25 19 25 20 23 20
7 7 24 13 26 13 26 19 25 19 24 19 24 15 24 14
8 5 23 15 24 15 24 19 23 19 23 17
9 6 22 17 23 17 23 19 23 20 22 20 22 18
10 5 22 15 23 15 23 17 22 17 22 16
11 5 20 18 21 18 22 18 22 20 20 20
12 5 21 16 22 16 22 17 22 18 21 18
13 4 20 16 21 16 21 18 20 18
14 5 17 16 20 16 20 18 20 20 17 20
15 4 16 16 17 16 17 20 16 20
16 8 16 15 19 15 22 15 22 16 21 16 20 16 17 16 16 16
17 5 14 15 16 15 16 16 16 20 14 20
18 6 19 14 24 14 24 15 23 15 22 15 19 15
19 5 14 14 19 14 19 15 16 15 14 15
20 5 14 13 24 13 24 14 19 14 14 14
21 6 11 13 14 13 14 14 14 15 14 20 11 20
22 10 11 12 15 12 18 12 27 12 28 12 28 13 26 13 24 13 14 13 11 13
23 10 1 12 2 12 3 12 4 12 5 12 7 12 11 12 11 13 11 20 1 20
24 6 27 11 29 11 30 11 30 12 28 12 27 12
25 4 18 11 27 11 27 12 18 12
26 4 29 8 30 8 30 11 29 11
27 4 29 7 30 7 30 8 29 8
28 5 29 1 30 1 30 7 29 7 29 3
29 9 18 3 29 3 29 7 29 8 29 11 27 11 18 11 18 9 18 6
30 6 15 9 18 9 18 11 18 12 15 12 15 10
31 4 15 6 18 6 18 9 15 9
32 6 7 10 10 10 15 10 15 12 11 12 7 12
33 5 5 10 6 10 7 10 7 12 5 12
34 7 10 6 12 6 13 6 15 6 15 9 15 10 10 10
35 6 6 6 9 6 10 6 10 10 7 10 6 10
36 6 13 3 18 3 18 6 15 6 13 6 13 4
37 5 12 4 13 4 13 6 12 6 12 5
38 5 9 5 12 5 12 6 10 6 9 6
39 4 6 5 9 5 9 6 6 6
40 5 5 5 6 5 6 6 6 10 5 10
41 7 5 4 8 4 12 4 12 5 9 5 6 5 5 5
42 6 4 4 5 4 5 5 5 10 5 12 4 12
43 5 8 3 13 3 13 4 12 4 8 4
44 7 8 1 29 1 29 3 18 3 13 3 8 3 8 2
45 6 4 2 8 2 8 3 8 4 5 4 4 4
46 5 3 2 4 2 4 4 4 12 3 12
47 5 3 1 8 1 8 2 4 2 3 2
48 5 2 1 3 1 3 2 3 12 2 12
49 4 1 1 2 1 2 12 1 12
50
1 9 30 1 31 1 31 22 30 22 30 21 30 13 30 12 30 9 30 8
2 14 1 21 11 21 14 21 16 21 17 21 20 21 22 21 23 21 25 21 26 21 28 21 30 21 30 22 1 22
3 5 28 13 30 13 30 21 28 21 28 14
4 5 26 14 28 14 28 21 26 21 26 20
5 4 25 20 26 20 26 21 25 21
6 5 23 20 24 20 25 20 25 21 23 21
7 7 24 14 26 14 26 20 25 20 24 20 24 16 24 15
8 5 23 16 24 16 24 20 23 20 23 18
9 6 22 18 23 18 23 20 23 21 22 21 22 19
10 5 22 16 23 16 23 18 22 18 22 17
11 5 20 19 21 19 22 19 22 21 20 21
12 5 21 17 22 17 22 18 22 19 21 19
13 4 20 17 21 17 21 19 20 19
14 5 17 17 20 17 20 19 20 21 17 21
15 4 16 17 17 17 17 21 16 21
16 8 16 16 19 16 22 16 22 17 21 17 20 17 17 17 16 17
17 5 14 16 16 16 16 17 16 21 14 21
18 6 19 15 24 15 24 16 23 16 22 16 19 16
19 5 14 15 19 15 19 16 16 16 14 16
20 5 14 14 24 14 24 15 19 15 14 15
21 6 11 14 14 14 14 15 14 16 14 21 11 21
22 10 11 13 15 13 18 13 27 13 28 13 28 14 26 14 24 14 14 14 11 14
23 10 1 13 2 13 3 13 4 13 5 13 7 13 11 13 11 14 11 21 1 21
24 6 27 12 29 12 30 12 30 13 28 13 27 13
25 4 18 12 27 12 27 13 18 13
26 4 29 9 30 9 30 12 29 12
27 4 29 8 30 8 30 9 29 9
28 5 29 1 30 1 30 8 29 8 29 3
29 9 18 3 29 3 29 8 29 9 29 12 27 12 18 12 18 10 18 7
30 6 15 10 18 10 18 12 18 13 15 13 15 11
31 4 15 7 18 7 18 10 15 10
32 6 7 11 10 11 15 11 15 13 11 13 7 13
33 5 5 11 6 11 7 11 7 13 5 13
34 7 10 7 12 7 13 7 15 7 15 10 15 11 10 11
35 6 6 7 9 7 10 7 10 11 7 11 6 11
36 6 13 3 18 3 18 7 15 7 13 7 13 4
37 5 12 4 13 4 13 7 12 7 12 5
38 5 9 5 12 5 12 7 10 7 9 7
39 4 6 5 9 5 9 7 6 7
40 5 5 5 6 5 6 7 6 11 5 11
41 7 5 4 8 4 12 4 12 5 9 5 6 5 5 5
42 6 4 4 5 4 5 5 5 11 5 13 4 13
43 5 8 3 13 3 13 4 12 4 8 4
44 7 8 1 29 1 29 3 18 3 13 3 8 3 8 2
45 6 4 2 8 2 8 3 8 4 5 4 4 4
46 5 3 2 4 2 4 4 4 13 3 13
47 5 3 1 8 1 8 2 4 2 3 2
48 6 2 1 3 1 3 2 3 13 2 13 2 6
49 4 1 6 2 6 2 13 1 13
50 4 1 1 2 1 2 6 1 6